1000 584.321 169.13 523.792 
2000 664.339 193.146 599.838 
3000 715.114 211.347 646.337 
4000 748.557 229.367 679.741 
5000 787.218 243.437 711.916 
6000 809.667 253.589 745.391 
7000 779.665 250.046 716.327 
8000 721.094 229.459 663.156 
9000 728.21 234.772 672.89 
10000 735.433 240.685 684.812 
11000 752.691 245.727 717.814 
12000 753.475 247.441 721.03 
13000 756.471 249.098 725.102 
14000 762.916 254.349 729.896 
15000 775.555 262.916 743.311 
16000 784.409 264.854 745.721 
17000 784.613 267.295 756.485 
18000 789.046 271.944 751.06 
19000 808.942 273.826 771.725 
20000 814.8 277.647 778.357 
21000 815.924 281.427 786.948 
22000 828.22 286.641 790.076 
23000 827.355 288.583 792.052 
24000 828.707 291.361 791.419 
25000 840.525 292.341 812.263 
26000 836.253 292.172 821.431 
27000 826.709 294.307 809.206 
28000 798.373 281.794 786.747 
29000 804.842 284.02 791.347 
30000 807.784 286.178 789.747 
31000 1109.6 400.449 1104.41 
32000 967.497 341.874 962.132 
33000 996.505 354.822 979.03 
34000 1175.92 428.852 1173.69 
35000 1060.35 382.309 1073.42 
36000 1009.11 359.537 1003.22 
37000 1232.35 445.894 1232.74 
38000 997.79 355.657 998.078 
39000 989.685 355.122 979.002 
40000 985.998 355.279 981.297 
41000 994.944 359.257 992.048 
42000 1019.89 369.084 1012.42 
43000 1021.35 367.409 1012.7 
44000 1002.25 365.279 989.475 
45000 1018.46 369.074 1008.47 
46000 971.733 351.22 959.311 
47000 946.549 347.01 933.725 
48000 939.515 343.144 925.982 
49000 939.04 343.236 918.194 
50000 1000.63 361.379 981.505 
51000 1325.03 464.699 1339.34 
52000 1124.67 414.721 1135.55 
53000 1052.04 381.691 1056.61 
54000 1007.4 364.038 1007.67 
55000 983.439 351.838 983.094 
56000 966.064 354.154 964.858 
57000 967.337 355.363 958.649 
58000 973.108 359.188 976.05 
59000 1034.75 380.06 1036.81 
60000 1052.32 387.483 1046.6 
61000 1024.34 375.796 1030.2 
62000 1133.85 410.182 1116.43 
63000 1067.16 391.242 1055.09 
64000 1035.09 381.758 1023.48 
65000 1054.17 389.058 1048.78 
66000 1150.89 427.639 1155.73 
67000 1102.59 409.473 1107.09 
68000 1207.16 457.792 1228.39 
69000 1140 424.381 1158.59 
70000 1173.81 435.178 1171.46 
71000 1181.32 444.673 1223.47 
72000 1424.78 530.828 1436.86 
73000 1517.16 576.255 1537.15 
74000 1561.83 587.417 1548.98 
75000 1538.26 584.094 1533.11 
76000 1387.09 519.782 1383.2 
77000 1297.14 484.17 1302.77 
78000 1114.12 414.88 1118.64 
79000 1110.3 412.557 1112.64 
80000 1124.66 420.05 1128.98 
81000 1183.06 444.467 1205.38 
82000 1161.5 436.082 1180.7 
83000 1102.85 411.812 1111.98 
84000 1171.96 439.032 1190.65 
85000 1270.49 484.056 1295.28 
86000 1271.73 482.78 1287.33 
87000 1157.71 431.902 1161.55 
88000 1187.07 445.585 1181.1 
89000 1123.43 423.513 1126.2 
90000 1120.71 421.868 1113.64 
91000 1116.01 425.068 1111.49 
92000 1116.73 427.942 1123.26 
93000 1105.33 420.515 1108.22 
94000 1496.14 576.643 1558.44 
95000 1497.72 588.154 1538.14 
96000 1419.57 555.248 1457.54 
97000 1500.85 591.259 1519.5 
98000 1306.82 495.066 1338.64 
99000 1387.87 527.848 1407.23 
100000 1256.99 468.255 1271.88 
101000 1128.25 427.303 1135.01 
102000 1076.88 403.864 1079.66 
103000 1075.22 408.096 1080.91 
104000 1274.07 492.361 1300.72 
105000 1175.83 445.315 1178.9 
106000 1115.85 425.381 1129.09 
107000 1100.84 414.479 1105.24 
108000 1020.18 387.836 1031.03 
109000 1018.76 383.018 1011.45 
110000 1020.96 384.03 1011.97 
111000 1034.32 392.06 1040.29 
112000 1112.74 418.812 1121.97 
113000 1152.02 440.158 1152.56 
114000 1340.23 522.804 1371.48 
115000 1248.17 474.593 1274.32 
116000 1196.08 458.758 1221.14 
117000 1167.95 449.188 1182.11 
118000 1123.41 425.944 1141.4 
119000 1070.74 408.98 1074.06 
120000 1047.92 407.373 1057.59 
121000 1054.73 405.912 1066.19 
122000 1068.65 409.401 1077 
123000 1065.13 415.176 1074.92 
124000 1061.44 405.826 1071.98 
125000 1061.76 409.365 1069.4 
126000 1094.46 421.236 1105.67 
127000 1140.77 444.731 1150.5 
128000 1140.94 437.054 1152.22 
129000 1191.34 454.747 1205.61 
130000 1187.86 455.212 1202.93 
131000 1219.13 471.713 1237.3 
132000 1301.37 506.852 1327.6 
133000 1320.9 503.03 1342.96 
134000 1291.14 489.236 1301.6 
135000 1232.43 472.138 1249.04 
136000 1200.53 466.465 1226.58 
137000 1200.59 455.05 1200.78 
138000 1287.48 496.942 1303.87 
139000 1257.92 494.299 1282.66 
140000 1570.59 640.764 1628.57 
141000 1412.98 557.25 1451.55 
142000 1396.24 543.784 1432.85 
143000 1428.21 557.998 1459.33 
144000 1432.36 554.164 1463.02 
145000 1427.18 547.794 1450.37 
146000 1398.23 545.816 1429.29 
147000 1410.69 549.585 1433.98 
148000 1306.45 503.164 1332.66 
149000 1358.93 529.579 1398.26 
150000 1356.31 530.349 1392.31 
151000 1300.5 492.739 1303.96 
152000 1232.59 475.978 1259.77 
153000 1208.36 464.026 1223.01 
154000 1206.1 470.028 1223.4 
155000 1192.24 460.248 1213.76 
156000 1373.98 529.84 1383.39 
157000 1466.19 590.661 1508.4 
158000 1502.3 603.916 1542.09 
159000 1561.54 615.637 1578.12 
160000 1528.96 606.471 1549.34 
161000 1521.67 604.226 1558.21 
162000 1416 552.365 1434.85 
163000 1368.81 531.77 1377.46 
164000 1368.09 529.301 1375.74 
165000 1350.66 516.102 1358.83 
166000 1333.47 515.369 1346.05 
167000 1296.74 499.134 1311.85 
168000 1268.22 494.112 1287.21 
169000 1322.69 514.641 1326.5 
170000 1430.05 566.062 1459.9 
171000 1362.78 535.068 1378.48 
172000 1306.87 504.098 1325.31 
173000 1258.02 494.082 1278.87 
174000 1434.2 577.062 1485.3 
175000 1417.16 570.523 1460.69 
176000 1377.3 554.633 1426.29 
177000 1344.3 529.391 1366.49 
178000 1312.61 523.311 1326.08 
179000 1358 536.02 1387.66 
180000 1847.03 743.072 1876.66 
181000 1609.16 640.511 1622.52 
182000 1413.44 560.455 1449.05 
183000 2070.03 845.074 2099.58 
184000 1921.78 772.749 1946.67 
185000 1673.63 679.525 1722.16 
186000 1697.08 683.459 1738.13 
187000 1439.99 567.439 1474.28 
188000 1494.31 596.854 1520.75 
189000 1504.45 601.571 1531.29 
190000 1422.8 568.018 1445.03 
191000 1397.94 561.599 1413.23 
192000 1370.29 537.561 1393.43 
193000 1368.63 533.91 1370.82 
194000 1381.13 550.419 1399.4 
195000 1396.25 553.307 1402.68 
196000 1386.55 546.689 1404 
197000 1373.96 540.906 1388.85 
198000 1371.42 539.194 1395.41 
199000 1541.13 613.533 1556.67 
200000 1464.33 581.094 1500.08 
201000 1408.4 563.03 1436.72 
202000 1366.72 539.663 1387.13 
203000 1385.94 552.325 1413.42 
204000 1434.45 564.359 1466.78 
205000 1445.75 569.615 1464.43 
206000 1417.07 556.884 1438.22 
207000 1406.93 550.717 1432.39 
208000 1460.85 572.78 1487.54 
209000 1579.87 638.106 1623.03 
210000 1584.54 627.353 1607.66 
211000 1466.09 577.475 1475.89 
212000 1438.07 558.92 1460.31 
213000 1406.53 550.174 1427.89 
214000 1410.12 556.068 1424.01 
215000 1419.37 555.998 1442.44 
216000 1437.26 574.89 1470.42 
217000 1422.08 562.605 1440.87 
218000 1478.45 591.649 1527.63 
219000 1543.26 616.782 1585.48 
220000 1484.37 592.152 1501.71 
221000 1430.08 577.347 1464.88 
222000 1510.35 599.878 1526.57 
223000 1514.13 602.132 1550.88 
224000 1474.44 581.345 1503.96 
225000 1425.68 554.641 1453.7 
226000 1399.96 555.964 1427.29 
227000 1401.63 549.711 1416.88 
228000 1546.14 613.778 1573.36 
229000 1552.34 621.86 1582.46 
230000 1474.76 587.074 1502.54 
231000 1445.28 576.325 1473.64 
232000 1411.43 557.116 1431.92 
233000 1401.94 553.046 1431.58 
234000 1389.12 547.615 1427.66 
235000 1417.65 561.599 1440.13 
236000 1406.43 550.337 1430.32 
237000 1402.8 550.289 1421.09 
238000 1618.36 645.695 1661.82 
239000 1646.43 666.559 1657.37 
240000 1550.72 626.717 1595.22 
241000 1539.94 626.002 1570.31 
242000 1502.55 594.2 1520.47 
243000 1467.04 587.669 1485.79 
244000 1439.66 573.633 1463.15 
245000 1425.72 569.138 1456.03 
246000 1429.13 578.786 1460.91 
247000 1490.73 593.271 1514.69 
248000 1635.68 653.924 1669.15 
249000 1890.05 778.164 1934.01 
250000 1791.76 722.82 1830.26 
251000 1571.35 625.804 1594.69 
252000 1502.43 608.816 1551.29 
253000 1556.32 628.427 1587.8 
254000 1546.92 628.467 1579.1 
255000 1634.76 650.038 1652.89 
256000 1595.36 643.01 1601.58 
257000 1653.51 663.836 1675.87 
258000 1825.74 732.595 1861.58 
259000 1747.81 709.523 1774.33 
260000 1645.63 659.106 1669.58 
261000 1556.44 627.214 1598.37 
262000 1543.68 611.705 1563.82 
263000 1631.08 662.311 1653.85 
264000 1840.63 741.313 1883.67 
265000 1625.33 653.202 1645.9 
266000 1559.95 618.325 1576.85 
267000 1791.23 734.591 1815.09 
268000 1783.9 721.134 1816.85 
269000 1603.63 643.154 1640.57 
270000 1638.64 668.792 1667.58 
271000 1586.02 642.998 1615.38 
272000 1550.48 629.196 1568.44 
273000 1530.91 610.525 1553.26 
274000 1501.77 602.1 1519.92 
275000 1487.31 605.449 1518.13 
276000 1496.17 595.132 1519.39 
277000 1665.9 688.705 1712.31 
278000 1586.23 647.621 1617.56 
279000 1558.59 623.457 1589.82 
280000 1619.94 668.914 1665.18 
281000 1560.72 641.872 1626.77 
282000 1563.72 630.299 1605.15 
283000 1582.42 645.589 1626.59 
284000 1836.81 743.499 1852.61 
285000 1793.88 721.092 1839.38 
286000 1636.55 654.615 1689.28 
287000 1696.42 688.122 1735.99 
288000 1673.93 673.641 1718.62 
289000 1747.23 710.822 1789.42 
290000 1796.24 731.381 1833.09 
291000 1673.16 678.503 1730.82 
292000 1634.43 659.541 1670.57 
293000 1585.93 644.273 1623.59 
294000 1590.74 628.784 1612.16 
295000 1599.3 644.573 1637.69 
296000 1644.96 665.062 1689.19 
297000 1785.27 724.467 1811.77 
298000 1753.17 706.741 1775.94 
299000 1623.68 660.224 1666.04 
300000 1596.07 648.012 1643.24 
301000 1612.26 651.655 1641.84 
302000 1607.58 648.433 1649.65 
303000 1711.04 696.423 1737.24 
304000 1684.42 684.886 1709.49 
305000 1657.84 660.543 1661.8 
306000 1671.27 680.503 1706.09 
307000 1730.66 719.455 1774.29 
308000 1668.92 669.617 1693.63 
309000 1622.7 657.866 1659.23 
310000 1590.61 650.259 1624.13 
311000 1628.1 656.317 1657.41 
312000 1634.53 649.455 1656.04 
313000 1615.89 644.335 1639.79 
314000 1576.83 641.084 1622.98 
315000 1572.85 638.954 1605.38 
316000 1731.51 703.188 1777.23 
317000 1921.58 788.77 1934.94 
318000 1746.88 714.397 1772.4 
319000 1647.51 667.329 1679.12 
320000 1639.28 668.457 1672.56 
321000 1647.97 665.397 1671.29 
322000 1680.37 682.313 1701.27 
323000 1701.69 686.487 1719.18 
324000 1703.64 704.633 1728.98 
325000 1667.66 681.188 1705.2 
326000 1810.89 746.228 1846.8 
327000 1755.91 709.972 1779.37 
328000 1690.18 687.962 1722.55 
329000 1696.97 697.683 1725.65 
330000 1720.24 704.639 1753.72 
331000 1708.64 692.242 1741.53 
332000 1705.25 696.128 1720.94 
333000 1813.63 748.994 1848.62 
334000 1861.8 767.04 1895.39 
335000 1953 796.633 1971.23 
336000 1989.77 818.164 2014.24 
337000 1835.23 756.148 1871.69 
338000 1746.61 717.148 1791.12 
339000 1756.1 713.399 1787.52 
340000 1894.28 771.248 1912.52 
341000 1919.85 785.413 1934.36 
342000 1814.56 731.79 1816.82 
343000 1750.42 708.359 1755.51 
344000 1741.45 709.733 1763.92 
345000 1727.81 702.381 1773.92 
346000 1894.16 786.555 1937.4 
347000 1825.22 749.964 1833.58 
348000 1756.15 714.613 1787.99 
349000 1751.51 704.088 1784.65 
350000 1725.94 707.397 1743.16 
351000 1832.71 751.234 1877.5 
352000 1939.92 809.705 1968.02 
353000 1805.02 739.473 1843.34 
354000 1733.11 699.525 1754 
355000 1739.98 709.836 1762.21 
356000 1826.08 745.281 1866.9 
357000 1801.26 723.898 1809.48 
358000 1749.51 717.615 1757.89 
359000 1728.37 702.573 1739.14 
360000 1700.12 682.531 1708.64 
361000 1676.79 689.16 1689.67 
362000 1675.08 681.062 1683.16 
363000 1749.96 709.721 1759.7 
364000 1767.41 714.228 1784.87 
365000 1772.56 715.058 1796.96 
366000 1975.19 804.898 1985.97 
367000 1778.58 725.671 1786.65 
368000 1716.52 699.756 1737.19 
369000 1732.98 707.918 1741.33 
370000 1744.84 706.776 1761.4 
371000 1712.35 713.18 1752.68 
372000 1698.78 689.625 1715.37 
373000 1701.4 693.437 1720.04 
374000 1721.79 706.19 1761.21 
375000 1832.79 760.068 1868 
376000 1970.28 808.679 2006.41 
377000 1793.8 733.194 1815.83 
378000 1732.05 713.202 1765.74 
379000 1712.71 710.725 1749.26 
380000 1688.43 685.836 1724.4 
381000 1713.5 692.858 1732.24 
382000 1716.36 707.717 1735.86 
383000 1708.12 701.327 1728.71 
384000 1741.19 722.627 1792.52 
385000 1798.99 736.541 1815.6 
386000 1955.31 804.832 1968.26 
387000 1844.82 772.07 1868.29 
388000 1780.12 730.878 1806.82 
389000 1741.72 711.138 1767.91 
390000 1731.48 706.872 1743.77 
391000 1740.46 707.89 1768 
392000 1723.52 709.561 1767.92 
393000 1773.07 724.481 1790.21 
394000 1753.24 717.81 1782.39 
395000 1836.89 753.257 1888.83 
396000 1895.59 764.99 1899.36 
397000 1889.17 775.729 1901.61 
398000 1824.61 745.89 1845.46 
399000 1764.38 716.535 1775.91 
400000 1735.13 701.766 1760.97 
401000 1722.22 704.128 1757.34 
402000 1726.23 697.301 1735.59 
403000 1718.18 704.136 1755.83 
404000 1738.06 704.711 1754.09 
405000 1811.07 739.768 1826.89 
406000 1884.23 770.886 1945.98 
407000 1779.7 719.154 1820.64 
408000 1834.4 751.277 1878.68 
409000 1823.8 752.279 1850.29 
410000 1767.75 720.852 1820.58 
411000 1769.61 723.671 1782.67 
412000 1737.93 710.07 1771.96 
413000 1812.94 748.365 1846.2 
414000 1847.38 766.569 1881.79 
415000 1918.84 801.541 1985.34 
416000 1982.03 804.2 1995.77 
417000 1849.25 745.311 1878.74 
418000 1813.35 742.766 1842.26 
419000 1864.8 777.096 1909.44 
420000 1834.1 759.978 1867.24 
421000 1802.59 748.014 1828.03 
422000 1770.16 731.9 1802.18 
423000 1753.34 719.391 1788.6 
424000 1765.71 737.106 1792.91 
425000 1923.31 791.146 1947.02 
426000 1884.55 780.497 1929.76 
427000 1800.86 752.459 1831.26 
428000 1773.67 733.367 1796.06 
429000 1886.1 782.593 1906.25 
430000 1839.3 762.679 1854.81 
431000 1796.52 743.281 1826.95 
432000 1776.03 728.495 1806.08 
433000 1795.33 738.513 1820.47 
434000 1817.38 732.144 1824.01 
435000 2347.92 982.978 2407.46 
436000 2067.35 859.307 2061.76 
437000 1861.59 765.006 1889.4 
438000 1858.55 768.224 1896.51 
439000 1921.39 780.832 1967.1 
440000 1871.41 758.8 1912.95 
441000 1844.31 755.148 1886.33 
442000 1931.75 810.337 1995.84 
443000 2015.24 828.253 2072.41 
444000 1841.66 757.273 1888.38 
445000 2185.42 919.882 2215.06 
446000 1979.11 820.421 2018.94 
447000 1842.85 751.03 1893.67 
448000 1841.3 750.399 1883.36 
449000 1932.4 785.898 1960.28 
450000 1938.14 796.124 1960.87 
451000 1889.3 762.493 1923.22 
452000 1828.53 755.972 1878.78 
453000 1815.67 740.335 1861.98 
454000 1832.08 753.222 1881.25 
455000 2037.03 848.05 2099.12 
456000 1961.64 809.024 2002.63 
457000 1834.86 753.727 1889.15 
458000 1836.68 749.549 1875.02 
459000 1971.71 810.926 1993.22 
460000 1897.26 772.601 1887.42 
461000 1848.95 762.036 1875.46 
462000 1835.14 755.958 1856.11 
463000 1835.44 754.118 1838.58 
464000 1846.89 762.543 1853.73 
465000 1987.95 825.423 2002.32 
466000 2374.39 983.287 2400.58 
467000 2132.18 873.533 2168.11 
468000 1999.34 828.441 2019.34 
469000 2090.18 864.84 2130.42 
470000 1978.19 829.21 2035.17 
471000 2017.41 846.146 2072.57 
472000 1936.23 803.228 1974.91 
473000 1881.02 788.303 1964.91 
474000 1932.43 793.902 1978.89 
475000 2049.32 864.317 2099.56 
476000 1943.36 802.924 2000.66 
477000 1942.74 807.629 1985.6 
478000 1944.51 807.184 1981.29 
479000 1978.98 813.509 2011.13 
480000 2226.78 937.822 2290.73 
481000 2355.02 991.86 2424.28 
482000 2141.58 883.301 2222.57 
483000 1927.69 799.499 1999.45 
484000 1992.57 827.862 2040.96 
485000 2005.95 831.768 2041.88 
486000 1938.35 802.17 1972.28 
487000 1966.19 796.12 1960.82 
488000 1916.34 785.868 1926.35 
489000 1810.33 743.978 1828.11 
490000 1878.86 782.291 1893.21 
491000 1883.41 765.222 1882.61 
492000 1894.36 779.253 1915.11 
493000 1936.43 803.517 1961.72 
494000 2056.36 865.096 2090.62 
495000 2075.75 862.796 2082.43 
496000 1956.52 810.299 1988.14 
497000 1927.09 794.224 1941.42 
498000 2210.77 930.355 2267.04 
499000 2299.28 975.106 2334.08 
500000 2207.7 937.381 2217.23 
501000 2329.8 990.878 2348.63 
502000 2276.46 960.459 2284.95 
503000 2219.79 927.194 2218.21 
504000 2277.15 970.583 2281.83 
505000 2249.97 941.259 2262.6 
506000 2098.57 869.693 2134.21 
507000 2098.03 872.214 2125.69 
508000 2212.27 929.136 2275.04 
509000 2244.36 939.762 2299.27 
510000 2215.14 932.369 2266.02 
511000 2132.16 879.762 2153.48 
512000 2146.24 893.477 2175.23 
513000 2479.51 1040.93 2500.79 
514000 2721.6 1139.27 2774.44 
515000 2743.18 1179.74 2815.54 
516000 2375.17 1000.9 2428.84 
517000 2132.12 894.525 2178.63 
518000 2033.83 834.928 2041.14 
519000 2163.83 908.004 2196.53 
520000 2227.11 941.938 2261.35 
521000 2282.93 967.549 2333.29 
522000 2230.01 946.521 2304.22 
523000 2224.46 936.597 2221.63 
524000 2067.17 864.78 2095.19 
525000 2231.89 950.677 2285.73 
526000 2426.12 1021.25 2449.67 
527000 2210.37 938.932 2230.4 
528000 2080.54 864.846 2086.5 
529000 2119.16 901.812 2144.75 
530000 2445.23 1026.69 2450.88 
531000 2405.67 1038.65 2477.1 
532000 3218.16 1371.31 3308.34 
533000 2575.28 1094.1 2622.11 
534000 2313.26 981.727 2367.64 
535000 2298.95 971.022 2327.92 
536000 2382.02 1005.93 2414.78 
537000 2112.23 871.934 2140.16 
538000 1970.88 812.251 2021.75 
539000 2153.79 908.988 2191.56 
540000 2269.32 963.505 2288.16 
541000 2241.97 952.455 2261.04 
542000 2349.82 993.778 2366.87 
543000 2541.36 1072.77 2555.77 
544000 2208.96 943.18 2253.42 
545000 2096.43 896.335 2152.74 
546000 2085.24 878.309 2100.96 
547000 2153.06 899.305 2193.25 
548000 2094.27 870.88 2139.21 
549000 2005.77 839.487 2066.1 
550000 2033.57 847.475 2057.18 
551000 2045.77 859.419 2092.01 
552000 2007.49 840.816 2057.18 
553000 2004.55 833.8 2022.12 
554000 2157.1 898.822 2205.83 
555000 2249.9 954.97 2272.03 
556000 2209.27 936.926 2241.1 
557000 2161.36 903.822 2188.57 
558000 2098.72 880.507 2125.23 
559000 2146.29 892.232 2179.46 
560000 2132.45 888.399 2164.94 
561000 2257.89 937.687 2249.12 
562000 2085.24 881.14 2129.85 
563000 2131.94 899.477 2167.7 
564000 2044.91 856.733 2044.73 
565000 1984.1 821.329 2015.57 
566000 1978.26 825.481 1982.33 
567000 2219.74 944.046 2245.37 
568000 2022.64 847.926 2053.72 
569000 2014.01 831.002 2046.56 
570000 1964.35 827.046 2016.73 
571000 1957.77 817.489 2001.78 
572000 2011.85 837.733 2044.56 
573000 2111.29 898.184 2182.52 
574000 2292.36 981.747 2341.01 
575000 2053.55 871.222 2106.23 
576000 2026.45 841.741 2020.87 
577000 2029.33 851.335 2063.44 
578000 2133.36 910.16 2154.78 
579000 2183.57 925.317 2227.23 
580000 2040.59 858.385 2086.91 
581000 2062.21 862.333 2093.06 
582000 2076.28 867.449 2107.02 
583000 2081 870.575 2109.52 
584000 2308.88 992.868 2351.38 
585000 2214.6 937.671 2234.63 
586000 2239.42 955.888 2261.13 
587000 2102.07 872.81 2109.16 
588000 2023 847.18 2048.4 
589000 2056.36 860.944 2066.96 
590000 2052.16 859.166 2087.15 
591000 2087.95 869.691 2116.45 
592000 2137.71 895.818 2142.98 
593000 2103.21 884.202 2113.98 
594000 2255.16 952.569 2305.52 
595000 2098.06 885.88 2152.47 
596000 2014.62 847.142 2066.38 
597000 1998.3 826.096 2036.93 
598000 1996.98 830.192 2030.77 
599000 1988.29 838.417 2044.13 
600000 2014.76 840.792 2055.23 
601000 2040.56 854.042 2070.98 
602000 2009.66 847.222 2070.89 
603000 2217.46 933.16 2247.58 
604000 2053.9 855.259 2099.81 
605000 2009.19 846.004 2055.35 
606000 2016.07 850.106 2057.6 
607000 2132.9 890.142 2139.64 
608000 2149.15 900.295 2148 
609000 2151.49 922.485 2192.08 
610000 2033.68 854.212 2056.26 
611000 2030.54 847.066 2035.18 
612000 2021.81 844.529 2035.31 
613000 2029.74 841.898 2052.36 
614000 2227.77 942.758 2271.16 
615000 2083.86 857.723 2093.86 
616000 2008.78 833.481 2033.01 
617000 1971.55 822.417 2003.91 
618000 1959.43 817.577 2008.15 
619000 1947.27 811.389 2005.6 
620000 1984.18 819.407 2004.86 
621000 1981.43 827.375 2015.2 
622000 2038.2 853.862 2053.94 
623000 2001.21 842.072 2028.74 
624000 2184.06 918.206 2217.8 
625000 2072.44 874.555 2122.38 
626000 2006.52 829.964 2019.77 
627000 2007.33 839.824 2028.11 
628000 2053.9 858.18 2048.23 
629000 2620.91 1104.11 2634.23 
630000 2326.91 992.164 2363.47 
631000 2316.97 988.585 2361.44 
632000 2299.13 980.112 2341.04 
633000 2433.49 1037.04 2478.03 
634000 2301.41 989.575 2359.39 
635000 2245.91 958.078 2289.56 
636000 2323.75 970.409 2324.98 
637000 2337.64 995.333 2372.78 
638000 2323.73 978.343 2330.5 
639000 2297.31 976.118 2310.11 
640000 2674.01 1135.47 2726.75 
641000 2358.31 1000.95 2387.29 
642000 2298.41 996.611 2356.25 
643000 2314.42 978.551 2359.58 
644000 2281.43 970.828 2318.95 
645000 2059.19 870.892 2115.15 
646000 2018.2 846.617 2071.97 
647000 2041.45 844.745 2072.75 
648000 2043.75 855.846 2069.25 
649000 2017.44 847.218 2064.04 
650000 1990.06 836.206 2042.46 
651000 2062.37 853.076 2105.39 
652000 2116.54 888.24 2148.61 
653000 2084.83 858.423 2126.7 
654000 2225.65 953.495 2259.62 
655000 2092.9 885.577 2121.92 
656000 2053.93 865.988 2095.78 
657000 2039.77 850.814 2085.24 
658000 2021.62 841.325 2060.66 
659000 1995.22 841.962 2039.98 
660000 2023.29 830.928 2043.19 
661000 2137.5 901.96 2207.99 
662000 2100.27 883.505 2117.4 
663000 2047.44 868.914 2101.27 
664000 2209.77 922.768 2241.65 
665000 2089.12 867.898 2122 
666000 2061.49 858.174 2073.08 
667000 2072.54 872.349 2103.05 
668000 2139.38 910.8 2184.02 
669000 2106.52 893.331 2148.45 
670000 2072.96 868.958 2112.94 
671000 2064.77 866.651 2092.8 
672000 2059.61 861.331 2090.59 
673000 2070.07 867.794 2110.41 
674000 2214.32 942.202 2262.33 
675000 2272.55 959.032 2288.23 
676000 2167.77 919.443 2161.2 
677000 2017.93 847.78 2035.77 
678000 1992.56 835.583 1998.06 
679000 2049.71 856.701 2056.34 
680000 2020.09 849.01 2037.6 
681000 2082.01 865.148 2094.19 
682000 2150.66 914.056 2172.41 
683000 2179.6 924.778 2202.26 
684000 2210.03 939.238 2222.52 
685000 2127.55 892.279 2145.29 
686000 2100.38 879.569 2118.18 
687000 2095.24 886.884 2127.77 
688000 2069.89 869.188 2096.37 
689000 2165.98 917.2 2198 
690000 2130.99 897.293 2125.56 
691000 2098.24 894.477 2106.06 
692000 2078.95 882.808 2095.74 
693000 2136.1 902.848 2153.52 
694000 2174.14 926.425 2194.19 
695000 2142.14 906.369 2143.67 
696000 2161.5 901.056 2172.05 
697000 2114.84 873.954 2120.61 
698000 2088.4 882.263 2097.73 
699000 2091.91 885.491 2130.76 
700000 2098.81 895.798 2133.42 
701000 2080.49 897.904 2115.65 
702000 2528.43 1072.58 2565.01 
703000 2339.67 991.611 2363.96 
704000 2231.19 943.072 2216.07 
705000 2130.09 904.906 2142.56 
706000 2092.82 883.084 2102.11 
707000 2086.47 895.756 2108.82 
708000 2100.1 893.094 2097.56 
709000 2197.78 926.78 2204.51 
710000 2287.19 989.84 2330.39 
711000 2182.38 917.232 2187.75 
712000 2137.25 904.609 2151.38 
713000 2184.36 921.371 2199.9 
714000 2241.91 954.563 2276.49 
715000 2213.16 944.024 2254.24 
716000 2195.12 935.164 2244.99 
717000 2166.52 922.441 2182.36 
718000 2141.59 909.677 2174.68 
719000 2126.4 892.393 2145.3 
720000 2138.19 903.866 2171.06 
721000 2159.61 916.705 2182.78 
722000 2195.62 928.531 2207.39 
723000 2217.62 946.116 2230.77 
724000 2266.35 954.553 2268.5 
725000 2136.23 907.874 2176.85 
726000 2104.61 887.13 2120.05 
727000 2080.97 871.327 2103.07 
728000 2142.35 912.978 2190.91 
729000 2154.61 918.998 2186.62 
730000 2190.41 916.595 2205.78 
731000 2153.08 901.589 2165.79 
732000 2097.1 878.78 2128.96 
733000 2175.68 930.044 2225.73 
734000 2262.52 965.822 2300.25 
735000 2223.05 945.597 2258.88 
736000 2144.15 906.882 2162.13 
737000 2135.12 895.681 2153.95 
738000 2138.08 899.054 2172.51 
739000 2105.26 876.87 2132.95 
740000 2111.72 892.469 2130.05 
741000 2154.8 908.01 2193.61 
742000 2157.04 919.601 2192.58 
743000 2211.19 930.685 2242 
744000 2277.47 962.78 2277.71 
745000 2168.06 910.329 2161.84 
746000 2300.9 968.663 2288.92 
747000 2209.64 944.701 2215.43 
748000 2239.1 962.148 2270.77 
749000 2170.07 926.124 2181.91 
750000 2190.41 919.573 2211.63 
751000 2178.04 922.563 2196.13 
752000 2151.84 913.8 2174.08 
753000 2247.65 953.729 2280.3 
754000 2243.05 963.421 2289.18 
755000 2176.68 925.07 2209.5 
756000 2126.25 898.325 2173.92 
757000 2113.6 893.018 2135.91 
758000 2104.92 882.357 2135.74 
759000 2145.57 913.631 2176.73 
760000 2173.96 929.864 2204.17 
761000 2203.75 931.327 2232.21 
762000 2130.43 906.423 2177.39 
763000 2216.65 957.445 2277.01 
764000 2198.02 932 2245.08 
765000 2162.06 930.848 2216.52 
766000 2298.48 957.808 2308.08 
767000 2253.55 940.389 2260.73 
768000 2202.26 930.804 2226.36 
769000 2230.47 938.589 2256.65 
770000 2254.39 949.992 2284.45 
771000 2311.5 988.126 2348.26 
772000 2462.09 1047.77 2479.17 
773000 2426.96 1027.34 2454.34 
774000 2191.61 918.323 2190.7 
775000 2191.93 939.158 2222.79 
776000 2203.82 935.004 2232.89 
777000 2238.3 953.667 2272.43 
778000 2366.84 1023.1 2418.23 
779000 2326.02 988.487 2328.81 
780000 2270.14 971.11 2284.94 
781000 2402.71 1023.59 2435.89 
782000 2498.64 1079.52 2560.56 
783000 2548.68 1105 2606.3 
784000 2289.29 981.976 2326.29 
785000 2186.35 934.762 2247.09 
786000 2279.26 963.573 2319.21 
787000 2273.09 963.778 2280.32 
788000 2239.9 945.511 2229.15 
789000 2254.07 956.747 2283.96 
790000 2256.4 954.932 2302.15 
791000 2236.73 956.136 2277.26 
792000 2356.1 991.926 2370.46 
793000 2536.23 1094.54 2566.81 
794000 2484.49 1061.15 2532.66 
795000 2449.2 1038.43 2463.34 
796000 2287.03 977.248 2339.9 
797000 2327.57 996.427 2364.87 
798000 2363.34 1002.31 2381.45 
799000 2292.19 989.329 2321.56 
800000 2333.69 995.579 2367.16 
801000 2293.03 973.988 2319.78 
802000 2298.54 982.515 2306.86 
803000 2461.65 1057.85 2497.33 
804000 2360.04 1008.33 2386.52 
805000 2275.95 961.371 2272.54 
806000 2208.64 936.743 2224.63 
807000 2199.6 932.958 2231.54 
808000 2161.58 935.561 2210.45 
809000 2239.21 962.048 2287.85 
810000 2242.04 955.962 2274.63 
811000 2238.98 958.607 2269.23 
812000 2216.57 936.934 2232.49 
813000 2317.82 979.786 2325.55 
814000 2299.47 994.904 2318.69 
815000 2325.3 991.242 2347.31 
816000 2301.88 985.184 2331.83 
817000 2277.58 972.327 2293.06 
818000 2212.81 946.631 2239.86 
819000 2198.56 934.587 2214.23 
820000 2233.43 972.693 2257.13 
821000 2367.77 1017.92 2399.88 
822000 2226.23 947.13 2261.5 
823000 2338.96 1010.52 2386.42 
824000 2337.03 994.16 2376.49 
825000 2236.48 954.639 2259.37 
826000 2261.59 957.389 2279.45 
827000 2236.59 946.721 2249.73 
828000 2233.98 941.727 2223.12 
829000 2188.03 940.194 2224.61 
830000 2155.71 925.681 2196.09 
831000 2184.37 929.675 2191.38 
832000 2280.73 969.539 2272.17 
833000 2360.92 1015.19 2395.36 
834000 2286.25 975.214 2321.04 
835000 2255.57 952.563 2267.12 
836000 2241.18 958.305 2254.32 
837000 2244 957.176 2259.47 
838000 2497.05 1072.7 2527.89 
839000 3059.55 1324.76 3157.09 
840000 3170.27 1365.72 3245.63 
841000 2531.53 1078.23 2570.95 
842000 2312.43 983.992 2335.44 
843000 2465.16 1055 2497.47 
844000 2350.71 1004.55 2372.01 
845000 2297.52 975.87 2310.29 
846000 2292.93 981.098 2302.64 
847000 2249.83 960.721 2253.83 
848000 2531.15 1080.58 2547.88 
849000 2427.82 1032.66 2446.21 
850000 2276.7 981.517 2308.11 
851000 2255.24 956.463 2279.72 
852000 2214.9 947.848 2236.38 
853000 2355.71 1003.43 2388.52 
854000 2351.55 1000.11 2374.94 
855000 2253.86 960.591 2283.34 
856000 2391.19 1032.72 2435.28 
857000 2264.18 966.369 2298.53 
858000 2246.37 963.092 2280.69 
859000 2249.11 958.417 2250.73 
860000 2297.17 974.481 2332.76 
861000 2256.91 964.635 2268.13 
862000 2220.26 943.637 2243.38 
863000 2369.45 1018.24 2406.63 
864000 2267.89 957.122 2295.07 
865000 2287.79 988.156 2321.31 
866000 2293.5 979.978 2288.08 
867000 2230.53 947.988 2232.96 
868000 2216.07 923.413 2181.34 
869000 2146.27 914.106 2153.87 
870000 2201.97 931.82 2226.85 
871000 2351.98 993.351 2355.44 
872000 2279.64 971.774 2314.74 
873000 2379.98 1031.18 2425.6 
874000 2305.19 990.792 2366.05 
875000 2311.43 987.621 2328.46 
876000 2287.13 979.06 2329.76 
877000 2222.25 952.9 2249.43 
878000 2217.18 944.487 2243.91 
879000 2206.78 942.098 2244.7 
880000 2261.9 970.21 2298.61 
881000 2413.58 1028.32 2404.83 
882000 2334.22 983.455 2323.99 
883000 2429.3 1048.12 2447.97 
884000 2340.5 1005.57 2353.43 
885000 2276.5 979.77 2280.06 
886000 2321.69 988.545 2345.82 
887000 2307.52 1000.32 2331.53 
888000 2268.55 968.553 2274.95 
889000 2387.18 1020.07 2408.63 
890000 2311.62 993.214 2313.96 
891000 2307.96 985.88 2327.21 
892000 2370.26 1008.42 2396.3 
893000 2431.46 1042.85 2451.2 
894000 2315.35 989.136 2306.61 
895000 2290.2 982.146 2282.36 
896000 2254.36 969.826 2256.26 
897000 2339.15 1013.21 2373.16 
898000 2293.24 988.575 2328.43 
899000 3238.98 1396.84 3318.14 
900000 2429.2 1039.29 2445.95 
901000 2298.89 977.138 2341.45 
902000 2467.7 1074.24 2529.42 
903000 2673.3 1146.06 2690.36 
904000 2344.03 996.475 2329.25 
905000 2249.5 977.729 2274.18 
906000 2274.23 968.601 2275.42 
907000 2294.62 982.453 2278.46 
908000 2264.54 976.735 2270.57 
909000 2298.4 998.214 2324.4 
910000 2376.64 1022.4 2394.97 
911000 2555.13 1111.31 2604.8 
912000 2557.67 1094.24 2617.01 
913000 2351.53 1006.49 2381.56 
914000 2278.31 980.774 2306.37 
915000 2339.93 1000.06 2353.6 
916000 2270.9 973.034 2289.81 
917000 2256.55 963.315 2273.73 
918000 2245.1 959.363 2285.12 
919000 2273.82 981.798 2299.05 
920000 2341.35 1020.87 2399.41 
921000 2333.43 1006.5 2384.91 
922000 2515.94 1097.11 2577.59 
923000 3054.7 1301.58 3057.74 
924000 2483.58 1070.94 2501.64 
925000 2359.31 1023.14 2386.28 
926000 2333.11 1003.93 2359.27 
927000 2287.66 976.948 2323.31 
928000 2305.87 1005.93 2343.07 
929000 2556.49 1127.09 2618.25 
930000 2419.98 1044.83 2428.67 
931000 2472.56 1057.18 2498.98 
932000 2375.56 1016.27 2405.93 
933000 2775.55 1187.88 2797.52 
934000 2431.79 1053.36 2477.81 
935000 2302.06 994.93 2335.02 
936000 2358.98 1015.8 2392.81 
937000 2362.21 1007.19 2420.54 
938000 2658.63 1160.27 2662.74 
939000 2820.67 1212.2 2890.67 
940000 2935.85 1261.87 2988.51 
941000 2605.35 1136.67 2641.96 
942000 3086.81 1318.33 3122.67 
943000 2655.31 1154.97 2712.91 
944000 2479.74 1057.17 2507.87 
945000 2536.01 1097.42 2551.69 
946000 2609.27 1129.58 2644.1 
947000 2999.5 1305.58 3106.13 
948000 2577.51 1118.36 2645.69 
949000 2400.1 1026.26 2433.17 
950000 2347.65 996.251 2346.29 
951000 2619.97 1123.23 2659.96 
952000 2590.01 1123.05 2592.53 
953000 2350.85 1025.93 2368.18 
954000 2324.15 995.705 2341.75 
955000 2322.11 1003.63 2360.3 
956000 2460.95 1051.41 2500.7 
957000 2455.64 1049.4 2492.15 
958000 2382.17 1025.74 2412.52 
959000 3051.29 1338 3166.76 
960000 2619.79 1120.02 2647.81 
961000 2535.47 1095.65 2565.01 
962000 2758.11 1187.15 2819.3 
963000 2539.78 1093.53 2579.27 
964000 2398.12 1032.24 2438.98 
965000 2416.31 1049.89 2440.07 
966000 2357.52 1013.44 2375.27 
967000 2322.07 1000.73 2358.19 
968000 2319.77 1007.31 2357.46 
969000 2445.83 1048.09 2474.71 
970000 2342.04 1011.78 2379.81 
971000 2335.55 1003.95 2365.42 
972000 2692.95 1163.72 2697.96 
973000 2852.56 1251.99 2944.77 
974000 2842.14 1256.18 2969.11 
975000 3176.51 1387.46 3319.83 
976000 2449.15 1048.28 2510 
977000 2371.43 1022.45 2425.36 
978000 2411.33 1033.4 2461.36 
979000 2478.55 1061.97 2464.86 
980000 2420.97 1035.4 2438.85 
981000 2358.81 1016.34 2403.95 
982000 2691.07 1163.98 2728.08 
983000 2518.37 1100.58 2559.88 
984000 2408.98 1033.85 2431.07 
985000 2403.55 1030.09 2452.11 
986000 2463.94 1060.86 2496.98 
987000 2440.95 1050.31 2467.89 
988000 2346.69 1019.73 2409.89 
989000 2344.04 1004.76 2356.23 
990000 2347.89 1014.14 2390.56 
991000 2739.43 1188.89 2801.53 
992000 2689 1155.97 2685.86 
993000 2449.49 1057.56 2464.45 
994000 2376.23 1029.84 2406.25 
995000 2400.26 1035.38 2426.83 
996000 2429.04 1032.14 2456.35 
997000 2379.09 1039.04 2447.2 
998000 2356.87 1015.83 2411.06 
999000 2365.98 1022.16 2389.11 
1e+06 2428.98 1049.64 2478.1 
