1000 536.393 282.248 466.036 
2000 575.812 310.978 493.529 
3000 590.515 328.178 507.752 
4000 609.459 347.09 527.625 
5000 625.601 360.275 553.337 
6000 632.489 369.838 580.351 
7000 619.667 368.283 585.974 
8000 567.487 337.303 528.138 
9000 523.669 312.387 485.028 
10000 546.084 326.854 501.17 
11000 521.647 313.768 477.651 
12000 523.657 319.224 480.802 
13000 527.417 319.707 482.497 
14000 529.621 324.038 481.267 
15000 535.076 329.066 489.224 
16000 539.321 332.617 489.401 
17000 538.363 332.257 487.743 
18000 543.088 339.277 494.112 
19000 541.052 336.994 494.772 
20000 548.992 339.874 495.277 
21000 550.527 344.737 499.327 
22000 564.335 353.451 505.461 
23000 572.607 357.224 512.928 
24000 575.469 364.198 539.024 
25000 579.371 367.014 556.186 
26000 579.786 367.743 555.445 
27000 578.752 366.86 555.251 
28000 581.778 373.303 564.088 
29000 582.607 375.533 564.9 
30000 581.363 378.248 566.08 
31000 589.966 384.934 569.481 
32000 608.002 395.393 585.836 
33000 618.112 409.645 610.122 
34000 627.393 407.964 615.633 
35000 611.89 399.511 592.381 
36000 615.82 396.315 575.14 
37000 662.18 429.976 631.481 
38000 630.577 413.627 599.186 
39000 621.9 409.152 590.834 
40000 620.625 403.557 582.689 
41000 620.457 408.561 589.914 
42000 623.585 405.974 582.968 
43000 624.956 406.922 587.972 
44000 624 411.459 589.87 
45000 626.437 413.613 588.882 
46000 629.671 419.038 597.643 
47000 638.697 423.162 603.776 
48000 645.028 429.311 611.473 
49000 656.565 428.148 638.527 
50000 653.535 432.305 639.872 
51000 650.305 435.878 621.924 
52000 653.004 439.21 645.89 
53000 654.463 449.389 662.994 
54000 651.655 439.493 651.375 
55000 640.788 431.393 644.776 
56000 646.513 434.128 643.519 
57000 658.409 442.667 660.22 
58000 673.918 453.433 675.695 
59000 687.589 464.018 687.265 
60000 683.403 465.707 688.721 
61000 680.084 457.287 678.299 
62000 671.397 454.733 670.19 
63000 748.733 520.493 772.433 
64000 783.044 554.948 820.307 
65000 722.679 506.198 748.79 
66000 730.1 504.13 738.371 
67000 709.667 486.485 694.868 
68000 712.389 484.064 699.246 
69000 687.693 474.946 681.818 
70000 683.407 465.413 677.287 
71000 677.76 467.375 692.645 
72000 722.387 501.605 738.427 
73000 739.585 521.487 764.683 
74000 731.503 509.717 742.381 
75000 725.483 510.916 735.106 
76000 740.944 528.605 777.768 
77000 721.758 506.281 742.904 
78000 729.012 512.637 754.341 
79000 759.395 549.15 802.184 
80000 755.651 526.004 764.267 
81000 783.204 541.884 785.381 
82000 747.693 534.986 778.275 
83000 760.541 540.631 788.892 
84000 811.81 596.128 858.882 
85000 830.052 624.469 891.028 
86000 816.164 593.936 841.409 
87000 765.347 542.617 788.425 
88000 744.752 517.946 744.385 
89000 728.102 508.333 736.102 
90000 713.886 489.838 713.756 
91000 713.347 496.184 708.391 
92000 711.279 497.363 709.421 
93000 705.557 492.745 708.066 
94000 703.255 493.804 705.269 
95000 709.601 492.038 701.812 
96000 665.623 472.022 661.842 
97000 663.156 461.679 661.263 
98000 665.052 467.673 655.481 
99000 663.631 466.116 659.11 
100000 664.972 465.226 649.09 
101000 665.733 471.208 663.559 
102000 675.403 471.232 661.966 
103000 669.419 471.593 660.733 
104000 670.359 473.337 663.355 
105000 665.329 467.078 664.307 
106000 672.76 476.525 666.944 
107000 770.691 560.758 791.479 
108000 757.665 544.246 771.551 
109000 749.651 544.521 774.325 
110000 714.343 508.409 723.311 
111000 713.78 502.583 714.946 
112000 702.573 502.413 710.936 
113000 705.762 497.453 703.571 
114000 705.942 502.485 702.862 
115000 699.072 500.138 698.713 
116000 732.581 518.132 729.188 
117000 724.976 520.281 736.852 
118000 723.585 516.11 723.433 
119000 733.719 524.194 739.216 
120000 805.617 589.832 853.551 
121000 875.587 656.188 939.848 
122000 869.126 649.609 924.17 
123000 847.645 625.493 897.86 
124000 847.224 623.99 892.479 
125000 861.653 644.982 923.305 
126000 850.186 635.365 904.242 
127000 819.168 601.455 870.509 
128000 804.114 585.824 847.756 
129000 794.902 579.896 829.228 
130000 778.92 562.15 802.495 
131000 755.297 545.174 781.295 
132000 752.449 545.92 785.98 
133000 750.042 547.389 782.172 
134000 746.717 543.182 774.932 
135000 846.359 632.984 916.719 
136000 816.335 619.782 880.864 
137000 839.653 618.048 909.307 
138000 815.427 607.88 868.22 
139000 838.663 627.269 901.958 
140000 836.956 631.695 897.836 
141000 835.818 626.473 882.409 
142000 874.106 653.525 931.499 
143000 953.541 728 1058.48 
144000 912.441 688.563 967.834 
145000 866.545 651.573 919.008 
146000 866.339 648.331 941.178 
147000 862.491 647.701 923.281 
148000 846.251 639.236 911.295 
149000 850.631 629.248 905.735 
150000 860.826 647.194 921.255 
151000 860.026 647.012 919.212 
152000 852.453 638.645 914.93 
153000 857.327 643.595 924.697 
154000 842.192 644.756 928.341 
155000 875.561 659.749 954.2 
156000 875.429 657.639 943.016 
157000 947.938 718.399 1022.12 
158000 934.974 703.112 992.647 
159000 909.443 669.541 944.768 
160000 878.497 635.475 904.411 
161000 853.916 620.216 886.515 
162000 835.842 616.703 873.497 
163000 852.828 626.926 894.401 
164000 851.83 626.321 893.547 
165000 859.261 629.313 889.257 
166000 844.178 626.038 900.198 
167000 822.689 598.265 864.08 
168000 803.581 588.898 840.637 
169000 794.395 591.669 837.932 
170000 803.677 588.303 836.519 
171000 912.032 700.391 985.952 
172000 941.693 719.535 1019.55 
173000 925.269 699.05 1002.3 
174000 880.311 658.164 943.03 
175000 839.641 619.629 862.212 
176000 851.948 614.479 864.794 
177000 826.251 606.641 845.537 
178000 806.543 586.671 822.531 
179000 831.798 613.066 842.545 
180000 863.325 644.056 885.816 
181000 867.585 652.649 909.359 
182000 862.579 642.962 899.07 
183000 873.954 655.553 909.359 
184000 868.391 641.83 899.511 
185000 836.553 620.04 865.098 
186000 814.77 602.212 828.575 
187000 805.589 596.735 835.543 
188000 802.86 595.255 840.168 
189000 899.379 672.136 940.381 
190000 941.429 716.046 1007.01 
191000 1031.1 798.455 1112.87 
192000 976.1 747.13 1038.1 
193000 947.697 715.192 991.511 
194000 892.527 668.886 930.687 
195000 886.471 662.936 917.938 
196000 873.531 653.218 911.555 
197000 847.062 630.148 875.727 
198000 823.361 618.553 852.273 
199000 823.731 612.138 851.339 
200000 979.355 757.938 1041.46 
201000 1023.72 796.044 1086.26 
202000 971.818 749.473 1038.14 
203000 927.978 701.184 964.555 
204000 907.293 688.355 953.341 
205000 903.413 675.589 962.307 
206000 888.561 672.427 929.291 
207000 885.413 671.277 918.673 
208000 850.96 640.267 883.784 
209000 906.062 693.184 944.635 
210000 988.721 763.786 1079.12 
211000 995.459 760.453 1059.51 
212000 975.609 754.663 1076.72 
213000 998.956 779.02 1090.85 
214000 962.8 735.098 1048.35 
215000 925.707 709.413 994.543 
216000 910.485 689.631 973.323 
217000 901.87 685.549 960.862 
218000 923.555 707.433 996.531 
219000 1001.9 779.09 1111.07 
220000 1006.97 786.585 1110.04 
221000 969.04 754.369 1072.54 
222000 942.553 731.263 1032.88 
223000 979.804 779.551 1096.45 
224000 964.621 753.735 1064.52 
225000 1028.32 821.693 1150.6 
226000 1086.08 848.878 1174.04 
227000 1010.75 781.323 1087.23 
228000 969.425 731.657 1022.51 
229000 895.467 688.828 962.844 
230000 965.517 741.669 1033.06 
231000 1028.91 810.473 1136.66 
232000 1032.76 806.321 1114.87 
233000 989 765.413 1048.57 
234000 961.804 715.862 1006.27 
235000 966.723 748.383 1025.23 
236000 954.677 740.76 1024.95 
237000 944.435 726.481 1013.34 
238000 1014.03 789.489 1095.87 
239000 1021.21 793.022 1097.24 
240000 1026.84 805.341 1116.48 
241000 996.497 778.519 1079.97 
242000 950.074 738.976 1036.72 
243000 912.226 713.465 987.978 
244000 930.754 715.972 997.09 
245000 961.481 751.595 1057.18 
246000 962.723 744.283 1042.9 
247000 975.944 761.942 1060.91 
248000 1084 855.489 1199.93 
249000 1071.69 852.194 1194.05 
250000 1046.39 826.822 1165.68 
251000 1044.46 809.537 1137.11 
252000 1017.91 795.892 1102.87 
253000 958.723 745.192 1060.07 
254000 955.615 742.435 1038.73 
255000 978.527 765.719 1082.26 
256000 963.575 742.88 1048.07 
257000 952.992 734.984 1035.44 
258000 1027.91 791.162 1128.33 
259000 1059.83 834.591 1171.95 
260000 1035.4 804.014 1127.24 
261000 981.665 759.437 1067.17 
262000 981.112 757.986 1058.59 
263000 1017.47 798.02 1112.14 
264000 1022.14 799.096 1126.07 
265000 992.182 768.956 1077.55 
266000 975.361 756.98 1044.9 
267000 976.198 766.832 1068.91 
268000 1091.78 860.591 1195.73 
269000 1041.66 824.519 1148.76 
270000 988.651 771.978 1085.32 
271000 989.615 769.441 1074.09 
272000 986.509 776.876 1083.63 
273000 1006.98 781.228 1100.87 
274000 987.659 767.112 1084.93 
275000 1076.52 857.2 1186.87 
276000 1048.66 822.024 1167.2 
277000 1082.42 861.607 1193.27 
278000 1081.06 857.948 1233.06 
279000 1085.78 872.996 1225.43 
280000 1057.74 831.916 1174.17 
281000 1048.18 828.285 1171.27 
282000 1015.87 789.489 1116.61 
283000 1005.4 797.297 1105.17 
284000 1007.05 786.545 1110.14 
285000 1001.3 794.689 1106.53 
286000 1021.41 799.85 1126.5 
287000 1068.94 860.926 1201.28 
288000 1055.14 845.749 1185.16 
289000 1107.92 881.591 1239.46 
290000 1093.99 866.116 1209.86 
291000 1061.84 824.633 1158.79 
292000 1032.1 805.798 1131.48 
293000 1029.93 808.112 1108.89 
294000 1015.51 796.164 1094.07 
295000 996.846 779.287 1088.24 
296000 989.615 769.659 1071.42 
297000 1089.54 859.647 1207.76 
298000 1097.27 879.192 1221.03 
299000 1046.25 830.523 1159.47 
300000 1015.94 797.248 1117.46 
301000 1052.08 820.329 1148.24 
302000 1042.92 808.912 1140.16 
303000 1008.19 789.411 1105.95 
304000 1002.62 778.677 1083.25 
305000 1040.37 815.774 1131.96 
306000 1019.62 812.681 1121.17 
307000 1109.21 886.435 1237.05 
308000 1097.11 876.118 1191.98 
309000 1081.01 848.277 1171.29 
310000 1033.76 810.533 1139.49 
311000 1043.7 808.365 1128.01 
312000 1031.77 796.216 1087.67 
313000 1043.23 822.91 1134.91 
314000 1030.02 796.361 1128.81 
315000 1020.87 794.703 1104.52 
316000 1009.78 805.317 1106.85 
317000 1205.28 964.12 1351.54 
318000 1127.87 893.539 1242.09 
319000 1058.01 831.499 1144.95 
320000 1029.44 813.319 1126.56 
321000 1064.29 846.453 1165.68 
322000 1040.22 827.521 1140.01 
323000 1026.27 820.856 1114.91 
324000 1013.68 803.934 1118.26 
325000 1051.48 829.814 1138.54 
326000 1036.37 819.557 1130.12 
327000 1134.52 907.09 1255.02 
328000 1096.34 881.731 1232.6 
329000 1081.28 856.455 1198.76 
330000 1052.47 839.878 1164.73 
331000 1045.43 827.834 1153.39 
332000 1043.06 829.277 1174.94 
333000 1059.55 842.411 1156.65 
334000 1061.56 840.367 1161.28 
335000 1043.56 824.782 1153.86 
336000 1098.36 866.054 1213.91 
337000 1152.1 927.721 1289.92 
338000 1109.18 887.08 1244.16 
339000 1062.18 843.455 1174.74 
340000 1090.78 859.555 1206.97 
341000 1117.6 893.162 1228.24 
342000 1059.47 854.505 1186.06 
343000 1072.73 848.778 1182.38 
344000 1067.56 859.403 1180.62 
345000 1067.47 858.832 1187.82 
346000 1164 949.681 1307.89 
347000 1128.32 907.661 1270.92 
348000 1089.76 868.036 1212.07 
349000 1054.18 844.796 1179.76 
350000 1079.65 856.922 1205.31 
351000 1082.33 856.469 1196.53 
352000 1064.01 844.549 1169.93 
353000 1047.93 843.431 1174.62 
354000 1043.83 834.687 1168.39 
355000 1133.03 923.469 1282.61 
356000 1135.5 917.802 1281.96 
357000 1097.62 892.591 1238.74 
358000 1086.86 859.467 1199.46 
359000 1094.9 868.717 1226.31 
360000 1075.92 861.673 1209.37 
361000 1079.78 858.273 1193.46 
362000 1086.73 871.126 1209.55 
363000 1098.37 881.277 1245.78 
364000 1101.34 870.737 1237.57 
365000 1057.94 836.273 1154.48 
366000 1152.64 910.299 1276.15 
367000 1120.11 910.723 1267.04 
368000 1105.95 883.098 1235.16 
369000 1081.45 864.547 1213.5 
370000 1061.39 856.537 1200.96 
371000 1082.59 861.222 1206.82 
372000 1068.49 852.413 1181.7 
373000 1054.99 843.92 1177.1 
374000 1047.54 834.461 1169.41 
375000 1056.89 827.068 1164.92 
376000 1177.76 952.866 1309.2 
377000 1132.43 903.361 1271.98 
378000 1100.84 880.858 1248.17 
379000 1052.56 862.872 1188.49 
380000 1033.55 835.11 1148.74 
381000 1079.59 855.599 1191.85 
382000 1064.14 846.387 1191.43 
383000 1069.93 849.509 1179.13 
384000 1068.53 851.739 1172.87 
385000 1058.4 841.347 1188.98 
386000 1223.42 979.844 1349.44 
387000 1156.91 912.042 1257.47 
388000 1115.27 883.172 1225.4 
389000 1105.31 859.311 1187.26 
390000 1087.78 856.782 1193.15 
391000 1078.55 863.15 1192.71 
392000 1077.43 851.022 1174.35 
393000 1076.4 834.114 1156.06 
394000 1053.46 835.443 1156.6 
395000 1053.88 838.263 1159.19 
396000 1198.82 972.016 1344.35 
397000 1130.64 934.655 1281.05 
398000 1113.62 891.367 1230.21 
399000 1103.36 875.271 1214.86 
400000 1085.6 861.619 1207.74 
401000 1084.13 870.579 1211.05 
402000 1076.68 865.705 1186.57 
403000 1066.19 851.499 1188.48 
404000 1039.34 834.279 1151.14 
405000 1072.88 858.964 1185.51 
406000 1162.06 948.671 1332.1 
407000 1094.84 889.437 1235.36 
408000 1131.89 904.485 1251.35 
409000 1122.77 884.251 1229.51 
410000 1105.52 872.301 1202.96 
411000 1103.84 873.549 1206.43 
412000 1079.65 860.858 1191.46 
413000 1083.96 840.834 1170.94 
414000 1080.8 854.16 1178.61 
415000 1114.6 884.495 1213.89 
416000 1184.79 963.679 1326.45 
417000 1141.43 917.116 1272.95 
418000 1103.62 887.836 1233.39 
419000 1089.52 866.804 1203.56 
420000 1105.14 877.519 1217.57 
421000 1103.01 869.25 1209.11 
422000 1092.23 860.868 1206.43 
423000 1072.02 864.537 1191.29 
424000 1052.7 834.188 1163.71 
425000 1081.13 861.114 1194.64 
426000 1185.01 949.435 1311.83 
427000 1132.04 926.884 1264.78 
428000 1121.35 897.964 1234.34 
429000 1104.15 879.577 1217.45 
430000 1091.52 866.886 1209.36 
431000 1090.3 869.134 1205.97 
432000 1105.1 871.255 1217.37 
433000 1095.78 868.443 1188.36 
434000 1097.27 865.677 1217.04 
435000 1147.74 931.265 1289.11 
436000 1172.81 961.271 1328.29 
437000 1152.24 927.188 1270.61 
438000 1118.2 913.036 1249.89 
439000 1115.91 900.958 1226.46 
440000 1114.5 889.677 1207.57 
441000 1106.74 881.429 1211.08 
442000 1070.7 861.156 1187.66 
443000 1098.53 880.908 1210.41 
444000 1104.54 887.14 1233.78 
445000 1171.72 939.994 1308.33 
446000 1189.68 971.723 1335.07 
447000 1147.51 939.052 1285.57 
448000 1134.09 906.872 1259.31 
449000 1131.58 904.774 1246.81 
450000 1119.11 905.244 1251.8 
451000 1132.41 901.98 1246.83 
452000 1103.95 888.713 1221.87 
453000 1100.41 887.625 1216.96 
454000 1110.21 900.796 1240.78 
455000 1180.78 959.858 1314.07 
456000 1182.48 961.303 1318.58 
457000 1156.53 929.02 1276.58 
458000 1121.81 911.527 1246.24 
459000 1124.84 882.074 1228.72 
460000 1104.82 891.79 1219.98 
461000 1126.1 907.441 1242.33 
462000 1113.56 894.222 1233.23 
463000 1112.66 894.559 1228.05 
464000 1070.11 872.695 1189.81 
465000 1176.47 949.677 1307.54 
466000 1197.93 971.838 1347.54 
467000 1175.08 947.924 1307.5 
468000 1153.29 931.713 1272.29 
469000 1144.97 925.563 1271.14 
470000 1137.63 909.132 1260.05 
471000 1139.83 912.553 1270.81 
472000 1135.68 906.87 1254.32 
473000 1105.86 884.579 1218.17 
474000 1089.15 872.996 1198.45 
475000 1208.84 970.733 1337.2 
476000 1167.76 940.489 1305.85 
477000 1188.14 952.952 1317.38 
478000 1143.41 921.072 1290.76 
479000 1133.81 907.914 1268.97 
480000 1097.73 892.966 1241.05 
481000 1089.44 879.619 1225.83 
482000 1079.32 870.006 1205.45 
483000 1101.99 880.383 1246.6 
484000 1150.18 930.962 1285.96 
485000 1208.88 998.567 1380.57 
486000 1177.86 968.451 1319.37 
487000 1194.92 966.032 1321.77 
488000 1176.36 948.591 1302.81 
489000 1161.62 929.497 1276.13 
490000 1106.45 888.796 1226.21 
491000 1167.66 927.431 1282.06 
492000 1090.21 887.551 1227.11 
493000 1142.03 919.573 1271.93 
494000 1147.13 920.299 1267.02 
495000 1221.81 988.569 1363.31 
496000 1222.85 987.234 1354.71 
497000 1199.97 958.729 1324.59 
498000 1170.37 934.545 1275.15 
499000 1145.33 915.034 1259.5 
500000 1094.6 871.996 1193.09 
501000 1125.74 892.447 1239.86 
502000 1138.19 905.339 1248.74 
503000 1137.03 904.916 1242.24 
504000 1121.61 888.192 1212.63 
505000 1238.83 1000.65 1356.53 
506000 1211.94 971.623 1332.38 
507000 1197.01 958.671 1300.19 
508000 1174.85 949.234 1292.64 
509000 1133.55 918.375 1270.09 
510000 1133.5 919.697 1265.6 
511000 1133.17 913.194 1258.32 
512000 1140.59 924.305 1259.6 
513000 1155.79 945.954 1296.47 
514000 1150.99 936.363 1272.65 
515000 1248.46 1042.66 1416.08 
516000 1208.43 988.052 1353.87 
517000 1161.04 945.383 1311.28 
518000 1180.34 964.479 1324.85 
519000 1178.72 963.283 1305.27 
520000 1163.71 944.253 1290.77 
521000 1134.76 935.547 1276.03 
522000 1197.95 996.393 1340.26 
523000 1148.5 933.581 1299.38 
524000 1165.26 945.299 1305.16 
525000 1262 1050.01 1423 
526000 1238.16 1014.52 1369.02 
527000 1205.96 991.735 1357.79 
528000 1204.94 974.631 1328.54 
529000 1161.82 962.375 1307.76 
530000 1124.88 914.519 1236.47 
531000 1152.61 937.072 1276.19 
532000 1156.34 948.832 1290.66 
533000 1157.22 948.745 1291.28 
534000 1203.76 973.994 1350.67 
535000 1264.57 1031.14 1390.09 
536000 1180.75 966.144 1314.31 
537000 1125.78 931.968 1270.82 
538000 1122.26 933.627 1256.28 
539000 1137.17 925.08 1266.57 
540000 1117.79 896.218 1227.15 
541000 1127.54 911.421 1230.42 
542000 1137.7 911.15 1243.69 
543000 1120.61 903.575 1218.45 
544000 1154.51 928.184 1253.99 
545000 1292.76 1052.33 1431.31 
546000 1241.51 1020.23 1391.64 
547000 1231.46 993.611 1366.52 
548000 1225.09 981.874 1339.24 
549000 1179.28 973.707 1334.52 
550000 1155.33 933.194 1253.21 
551000 1176.55 929.236 1276.83 
552000 1145.64 929.888 1262.47 
553000 1145.42 924.731 1259.31 
554000 1169.33 949.465 1297.24 
555000 1219.52 1003.59 1354.83 
556000 1233.1 1005.28 1347.94 
557000 1199.97 976.826 1330.07 
558000 1163.34 944.263 1273.88 
559000 1166.16 938.096 1288.41 
560000 1147.74 941.186 1273.8 
561000 1247.46 1003.17 1368.76 
562000 1259.87 1009.68 1377.04 
563000 1215.59 996.481 1342.59 
564000 1246.48 1013.87 1385.52 
565000 1298.08 1054.3 1414.94 
566000 1281.46 1048.07 1402.49 
567000 1220.64 1008.19 1381.18 
568000 1195.07 976.072 1320.49 
569000 1155.99 952.772 1292.55 
570000 1161.74 944.878 1293.56 
571000 1150.64 941.299 1291.85 
572000 1182.29 965.872 1319.8 
573000 1188.25 976.974 1334.59 
574000 1273.37 1041.32 1409.95 
575000 1296.66 1046.09 1398.82 
576000 1225.65 998.966 1341.69 
577000 1248.01 1017.72 1362.79 
578000 1260.48 1034.88 1387.42 
579000 1226.75 1005.34 1372.35 
580000 1264.93 1027.35 1391.3 
581000 1457.49 1223.77 1636.46 
582000 1306.61 1052.31 1431.65 
583000 1270.55 1010.94 1378.84 
584000 1313.15 1061.32 1435.89 
585000 1325.52 1078.4 1442.85 
586000 1290.88 1044.23 1422.3 
587000 1251.74 996.277 1355.91 
588000 1211.2 966.609 1328.67 
589000 1179.07 965.18 1312.49 
590000 1184.78 955.281 1296.35 
591000 1180.96 961.918 1321.6 
592000 1184.2 951.535 1298.75 
593000 1152.24 930.166 1241.7 
594000 1364.35 1126.39 1498.4 
595000 1349.13 1110.73 1463.23 
596000 1272.49 1048.34 1423.55 
597000 1252.61 1030.63 1389.39 
598000 1272.78 1056.53 1405.99 
599000 1294.56 1071.07 1433.4 
600000 1312.18 1092.54 1473.53 
601000 1290.98 1064.12 1432.6 
602000 1226.98 1024.66 1376.48 
603000 1184.87 976.309 1328.57 
604000 1295.45 1061.85 1434.09 
605000 1276.61 1060.34 1420.22 
606000 1216.95 993.487 1359.02 
607000 1194.32 983.253 1329.57 
608000 1220.49 986.601 1357.45 
609000 1208.98 985.471 1335.31 
610000 1205.38 967.485 1291.11 
611000 1214.02 998.441 1334.77 
612000 1215.43 993.605 1323.74 
613000 1193.76 974.144 1324.9 
614000 1296.21 1067.43 1437.54 
615000 1378.3 1161.11 1534.9 
616000 1278.96 1067.58 1417.66 
617000 1266.09 1035.41 1387.18 
618000 1227.96 1010.07 1362.57 
619000 1196.95 986.531 1326.78 
620000 1192.65 963.964 1304.46 
621000 1196.07 970.403 1318.57 
622000 1195.26 963.735 1320.25 
623000 1184.02 962.164 1305.91 
624000 1229.31 1024.64 1389.57 
625000 1258.61 1036.93 1400.12 
626000 1261.59 1023.36 1384.85 
627000 1216.32 1002.58 1362.04 
628000 1207.5 971.882 1336.33 
629000 1185.57 976.343 1313.57 
630000 1216.54 991.399 1363.31 
631000 1243.07 997.924 1358.4 
632000 1200.32 976.182 1307.37 
633000 1269.59 1052.68 1404.8 
634000 1344.32 1125.55 1487.29 
635000 1288.82 1080.08 1430.97 
636000 1237.27 1020.2 1360.13 
637000 1220.35 1007.41 1361.79 
638000 1209.12 993.882 1336.03 
639000 1197.11 985.786 1335.44 
640000 1189.14 981.002 1320.48 
641000 1210.41 993.337 1336.04 
642000 1203.64 989.084 1321.6 
643000 1202.71 989.529 1347.97 
644000 1346.13 1108.77 1456.52 
645000 1289.67 1044.58 1380.96 
646000 1252.63 1031.25 1374.61 
647000 1247.68 1021.06 1366.94 
648000 1228.87 1008.67 1354.71 
649000 1210.65 985.858 1347.54 
650000 1219.29 992.178 1321.52 
651000 1231.33 999.09 1356.3 
652000 1199.67 994.687 1337.48 
653000 1221.29 994.729 1346.25 
654000 1317.78 1087.86 1449.34 
655000 1307.48 1085.12 1430.01 
656000 1262 1046.16 1391 
657000 1222.53 984.433 1347.82 
658000 1221.78 1010.46 1346.11 
659000 1216.16 1002.27 1347.14 
660000 1215.35 1008.28 1353.02 
661000 1244.68 1019.57 1370.09 
662000 1234.6 1029.73 1373.49 
663000 1270.8 1046.83 1406.11 
664000 1400.77 1173.42 1531.75 
665000 1305.92 1089.16 1436.76 
666000 1260.08 1053.71 1420.45 
667000 1255.78 1045.68 1390.73 
668000 1279.67 1069.4 1427.3 
669000 1288.44 1071.81 1412.84 
670000 1245.31 1037.82 1396.94 
671000 1244.62 1019.67 1372.35 
672000 1247.12 1013.19 1369.71 
673000 1226.85 1004.21 1348.66 
674000 1362.35 1142.35 1509.69 
675000 1299.53 1089.76 1439.95 
676000 1279.88 1052.22 1403.57 
677000 1258.02 1047.66 1398.02 
678000 1255.37 1033.01 1372.54 
679000 1332.24 1096.21 1469.8 
680000 1363.26 1130.61 1486.69 
681000 1294.72 1072.16 1430.87 
682000 1285.59 1065.4 1435.02 
683000 1287.74 1066.07 1420.31 
684000 1359.6 1135.38 1511.63 
685000 1271 1061.82 1436.5 
686000 1260.05 1048.91 1399.25 
687000 1251.39 1041.28 1400.29 
688000 1241.25 1022.22 1373.2 
689000 1237.26 1021.2 1370.59 
690000 1275.3 1057.45 1418.04 
691000 1370.71 1157.52 1542.82 
692000 1335.14 1112.49 1475.8 
693000 1315.44 1092.35 1459.92 
694000 1338.95 1092.63 1486.04 
695000 1292.39 1048.22 1425.42 
696000 1257.67 1024.23 1400.89 
697000 1272.34 1029.49 1402.76 
698000 1310.59 1071.88 1456.67 
699000 1265.37 1022.27 1398.96 
700000 1226.84 1008.66 1360.27 
701000 1271.85 1034.92 1417.69 
702000 1312.78 1057.14 1415.76 
703000 1372.19 1156.5 1530.28 
704000 1384.42 1160.17 1578.83 
705000 1345.69 1123.2 1497.06 
706000 1297.13 1092.8 1484.04 
707000 1367.87 1132.04 1529.8 
708000 1330.32 1115.38 1503.49 
709000 1314.35 1070.65 1471.16 
710000 1287.16 1076.68 1463.32 
711000 1289.36 1067.52 1456.27 
712000 1309.77 1088.98 1474.02 
713000 1321.42 1113.44 1494.16 
714000 1370.39 1111.32 1463.48 
715000 1319.51 1077.76 1432.15 
716000 1289.47 1053.97 1396.25 
717000 1233.99 1015.61 1337.44 
718000 1244.23 991.641 1330.37 
719000 1275.82 1057.79 1408.78 
720000 1293.26 1074.16 1434.64 
721000 1280.26 1047.67 1400.68 
722000 1258.18 1043.88 1381.18 
723000 1270.72 1043.41 1404.73 
724000 1346.5 1116.09 1475.66 
725000 1325.55 1083.55 1450.84 
726000 1292.65 1070.09 1418.68 
727000 1303.89 1069.24 1417.57 
728000 1279 1036.73 1401.79 
729000 1275.58 1056.48 1406.54 
730000 1268.55 1047.71 1395.24 
731000 1282.16 1046.64 1413.84 
732000 1289.86 1072.53 1437.29 
733000 1324.98 1101.8 1467.77 
734000 1368.49 1145.51 1523.08 
735000 1309.55 1095.61 1454.08 
736000 1280.53 1071.8 1420.18 
737000 1454.73 1215.48 1629.85 
738000 1813.87 1511.99 1964.31 
739000 1352.63 1136.73 1506.24 
740000 1298.24 1070.21 1420.38 
741000 1292.9 1063.55 1419.78 
742000 1289.2 1079.72 1429.17 
743000 1297.4 1085.51 1456.03 
744000 1360.25 1147.4 1507.84 
745000 1325.97 1103.53 1464.12 
746000 1370.07 1151.46 1519.58 
747000 1361.14 1129.72 1484.5 
748000 1301.66 1086.26 1438.96 
749000 1301.67 1070.9 1419.84 
750000 1269.64 1059.4 1403.81 
751000 1280.88 1071.86 1404.88 
752000 1274.05 1060.62 1415.97 
753000 1324.48 1111.74 1462.79 
754000 1367.05 1141.21 1497.56 
755000 1322.67 1088.75 1440.88 
756000 1312.55 1096.75 1454.18 
757000 1291.58 1073.6 1420.16 
758000 1288.74 1067.31 1431.22 
759000 1284.75 1074 1432.39 
760000 1298.03 1076.84 1436.37 
761000 1284.1 1078.22 1422.46 
762000 1335.45 1123.71 1489.34 
763000 1380.15 1148.8 1511.67 
764000 1358.97 1137.11 1499.84 
765000 1319.9 1103.02 1465.16 
766000 1306.82 1090.99 1438.24 
767000 1274.49 1076.55 1429.52 
768000 1284.82 1068.06 1423.15 
769000 1281.3 1061.25 1417.22 
770000 1308.2 1090.82 1443.93 
771000 1294.19 1086.5 1425.95 
772000 1312.6 1097.31 1443.96 
773000 1405.02 1185.41 1547.47 
774000 1392.31 1152.79 1526.18 
775000 1336.4 1110.5 1476.92 
776000 1323.63 1098.87 1456.66 
777000 1311.32 1080.55 1429.62 
778000 1305.16 1085.31 1440.91 
779000 1287.46 1064.85 1422.51 
780000 1274.15 1055.26 1404.43 
781000 1274.78 1076.63 1409.96 
782000 1297.96 1061.59 1411.32 
783000 1403.37 1180.43 1527.43 
784000 1384.91 1168.18 1523.37 
785000 1337.89 1118.42 1471.17 
786000 1324.76 1109.38 1468.83 
787000 1309.38 1093.37 1431.51 
788000 1307.66 1088.51 1443.94 
789000 1487.23 1275.18 1661.44 
790000 1383.22 1147.52 1491.18 
791000 1323.24 1104.08 1470.44 
792000 1313.95 1111.02 1463.77 
793000 1385.39 1161.42 1531.28 
794000 1374.81 1152.01 1495.39 
795000 1321.16 1110.72 1460.63 
796000 1321.81 1111.99 1471.77 
797000 1353.34 1124.02 1473.31 
798000 1335.52 1119.17 1471.88 
799000 1401.39 1139.1 1519.88 
800000 1344.63 1142.4 1542.85 
801000 1360.13 1146.28 1551.99 
802000 1370.53 1153.38 1556.92 
803000 1469.66 1238.96 1675.43 
804000 1401.18 1186.16 1585.13 
805000 1373.98 1143.53 1521.29 
806000 1353.67 1133.54 1523.81 
807000 1331.08 1109.14 1509.72 
808000 1331.02 1110.43 1510.33 
809000 1419.17 1168.96 1580.72 
810000 1390.08 1156.09 1526.96 
811000 1369.37 1116.38 1497.59 
812000 1345.06 1115.36 1512.11 
813000 1444.43 1220.86 1630.01 
814000 1362.56 1150.87 1553.39 
815000 1337.69 1106.27 1471.94 
816000 1312.8 1090.37 1475.86 
817000 1299.93 1084.48 1453.63 
818000 1289.64 1061.84 1450.61 
819000 1306.53 1061.78 1452.88 
820000 1292.07 1072.78 1439.98 
821000 1307.77 1069.05 1447.97 
822000 1554.3 1319.2 1757.51 
823000 1446.9 1230.45 1631.57 
824000 1387.6 1156.62 1568.5 
825000 1362.37 1129.79 1521.65 
826000 1356.23 1131.92 1513.59 
827000 1313.86 1097.07 1482.4 
828000 1309.25 1094.77 1468.69 
829000 1316.33 1087.39 1463.65 
830000 1296.14 1077.63 1457.58 
831000 1320.87 1101.92 1473.47 
832000 1308.05 1092.79 1477.33 
833000 1391.09 1175.85 1569.85 
834000 1385.26 1157.6 1541.17 
835000 1330.93 1110.87 1482.69 
836000 1407.38 1142.49 1546.18 
837000 1384.37 1138.34 1523.03 
838000 1370.09 1126.05 1526.31 
839000 1355.92 1121.79 1492.68 
840000 1405.82 1180.63 1580.28 
841000 1409.59 1202.44 1604.38 
842000 1375.21 1164 1549.84 
843000 1446.76 1222.74 1649.18 
844000 1414.02 1206.56 1598.23 
845000 1374.67 1161.33 1565.44 
846000 1363.34 1142.36 1546.57 
847000 1393.66 1174.85 1579.11 
848000 1380.07 1168.27 1554.95 
849000 1375.38 1160.44 1567.11 
850000 1369.36 1141.78 1526.22 
851000 1368.24 1153.07 1537.89 
852000 1355.07 1147.92 1537.09 
853000 1409.05 1194.69 1597.92 
854000 1382.04 1144.63 1511.93 
855000 1368.01 1117.93 1461.63 
856000 1357.92 1110.99 1451.56 
857000 1334.55 1105.12 1447.04 
858000 1369.18 1119.15 1490.57 
859000 1363.63 1121.71 1472.41 
860000 1364.28 1112.81 1470.25 
861000 1358.42 1116.77 1479.24 
862000 1340.18 1109.21 1457.51 
863000 1436.15 1178.55 1546.57 
864000 1376.37 1140.01 1501.1 
865000 1341.98 1113.66 1459.28 
866000 1449.2 1211.23 1622.97 
867000 1415.95 1190.13 1584.39 
868000 1391.5 1180.74 1583.91 
869000 1388.67 1176.55 1549.46 
870000 1366.64 1134.53 1514.78 
871000 1426.73 1183.24 1540.32 
872000 1377.51 1138.35 1480.31 
873000 1443.67 1198 1565.94 
874000 1380.19 1144.77 1483.8 
875000 1349.91 1124.26 1483.17 
876000 1338.24 1115.01 1464.76 
877000 1326.51 1111.24 1449.49 
878000 1327.32 1110.87 1458.06 
879000 1326.69 1106.3 1460.46 
880000 1330.68 1121.32 1475.54 
881000 1359.97 1133.43 1496.06 
882000 1337.03 1123.11 1475.87 
883000 1409.5 1207.81 1567.27 
884000 1422.19 1187.67 1531.66 
885000 1381.02 1163.69 1524.54 
886000 1361.42 1143.74 1499.13 
887000 1351.85 1127.06 1477 
888000 1363.69 1130.62 1467.06 
889000 1507.85 1249.77 1685.14 
890000 1582.78 1342.44 1780.97 
891000 1513.27 1296.1 1662.13 
892000 1412.37 1194.77 1533.33 
893000 1622.1 1396.12 1835.58 
894000 1499.49 1265.3 1659.08 
895000 1545.65 1291.58 1718.25 
896000 1622.85 1369.44 1788.15 
897000 1559.36 1300.46 1721.86 
898000 1670.7 1410.98 1872.3 
899000 1605.83 1348.92 1795.42 
900000 1598.55 1346.93 1775.57 
901000 1599.54 1348.06 1774.02 
902000 1635.34 1387.4 1835.93 
903000 1471.7 1229.04 1618.52 
904000 1433.65 1188.03 1574.57 
905000 1573.06 1320.98 1753.1 
906000 1645.51 1390.99 1839.85 
907000 1601.67 1335.96 1765.65 
908000 1631.73 1374.39 1804.25 
909000 1523.95 1295.33 1701.96 
910000 1645.49 1363.33 1823.77 
911000 1881.28 1603.81 2114.79 
912000 1557.73 1315.83 1731.76 
913000 1555.02 1312.91 1743.54 
914000 1472.26 1247.29 1634.08 
915000 1503.12 1270.41 1677.88 
916000 1511 1269.13 1654.77 
917000 1516.11 1271.23 1682.26 
918000 1492.66 1243.35 1643.79 
919000 1541.15 1292.83 1716.53 
920000 1706.14 1438.64 1910.87 
921000 1605.75 1370.24 1808.88 
922000 1542.87 1298.21 1709.65 
923000 1633.42 1384.05 1828.38 
924000 1528.16 1267.13 1695.64 
925000 1550.66 1293.08 1700.05 
926000 1497.03 1261.3 1662.04 
927000 1507.77 1270.65 1668.04 
928000 1505.97 1267.52 1683.13 
929000 1481.73 1230.47 1618.98 
930000 1397.33 1204.68 1571.42 
931000 1477.66 1251.91 1651.1 
932000 1513.18 1268.92 1699.5 
933000 1594.45 1353.21 1785.72 
934000 1776.05 1527.65 2034.35 
935000 1708.2 1438.55 1903.52 
936000 1631.06 1378.53 1832.29 
937000 1884.3 1604.15 2123.92 
938000 1938.24 1691.46 2220.35 
939000 1603.3 1359.84 1797.33 
940000 1565.48 1330.45 1740.64 
941000 1483.27 1261.78 1648.07 
942000 1685.41 1428.63 1910 
943000 1600.49 1327.87 1767.06 
944000 1482.59 1255.58 1663.08 
945000 1512.73 1268.55 1653.11 
946000 1591.48 1339.6 1776.76 
947000 1596.67 1357.17 1781.22 
948000 1544.12 1310.7 1719.66 
949000 1531.54 1304.53 1719.34 
950000 1521.91 1287.11 1694.53 
951000 1505.68 1274.71 1676.66 
952000 1561.31 1328.43 1744.35 
953000 1448.75 1214.65 1606.82 
954000 1455.01 1235.5 1622.47 
955000 1615.54 1377.95 1815.73 
956000 1546.35 1320.32 1735.05 
957000 1479.24 1252.31 1643.28 
958000 1466.03 1243.99 1633.14 
959000 1424.12 1227.18 1614.69 
960000 1420.04 1215.84 1613.75 
961000 1480.95 1253.47 1661.15 
962000 1686.94 1420.07 1867.41 
963000 1635.39 1369.46 1813.14 
964000 1552.99 1301.35 1730.19 
965000 1564.49 1316.48 1728.59 
966000 1530.96 1309.8 1719.44 
967000 1557.98 1333.09 1746.57 
968000 1610.13 1321.83 1756.18 
969000 1490.67 1264.86 1653.63 
970000 1551.85 1342.53 1749.31 
971000 1659.43 1385.48 1821.4 
972000 1593.77 1360.52 1813.02 
973000 1622.75 1377.15 1816.97 
974000 1494.57 1277.02 1710.46 
975000 1500.87 1283.56 1699.08 
976000 1501.95 1272.82 1677.39 
977000 1520.98 1307.19 1723.31 
978000 1493.7 1259.84 1665.79 
979000 1447.74 1231.98 1629.03 
980000 1448.25 1228.79 1619.72 
981000 1481.77 1261.43 1656.04 
982000 1482.17 1253.18 1659.86 
983000 1573.41 1327.98 1736.7 
984000 1435.74 1188.3 1544.47 
985000 1501.6 1252.85 1651.94 
986000 1451.97 1224.38 1615.21 
987000 1456.25 1235.85 1637.79 
988000 1441.14 1192.71 1596.03 
989000 1421.48 1210.53 1602.67 
990000 1412.06 1195.04 1583.11 
991000 1509.08 1270.45 1678.59 
992000 1446.83 1215.02 1631.01 
993000 1532.87 1322.08 1733.93 
994000 1473.99 1243.96 1642.31 
995000 1433.08 1212.91 1613.34 
996000 1436.94 1195.75 1599.94 
997000 1453.84 1226.41 1633 
998000 1451.85 1216.4 1622.88 
999000 1405.3 1185.85 1570.53 
1e+06 1415.72 1197.69 1581.73 
